/*--------------------------------*- C++ -*----------------------------------*\
  =========                 |
  \\      /  F ield         | OpenFOAM: The Open Source CFD Toolbox
   \\    /   O peration     | Website:  https://openfoam.org
    \\  /    A nd           | Version:  dev
     \\/     M anipulation  |
\*---------------------------------------------------------------------------*/
FoamFile
{
    version     2.0;
    format      ascii;
    class       volVectorField;
    location    "0.13";
    object      U;
}
// * * * * * * * * * * * * * * * * * * * * * * * * * * * * * * * * * * * * * //

dimensions      [0 1 -1 0 0 0 0];

internalField   nonuniform List<vector> 
1350
(
(1.36293752867 -1.66366433936e-11 -0.0141739488175)
(1.68253671844 -8.42549620054e-10 -0.00634154735586)
(1.81631725628 -4.23832625683e-11 -0.00339526060774)
(1.89982981563 4.07680816697e-10 -0.00227550218094)
(1.96218859895 2.36860877759e-10 -0.00163887941111)
(1.35691050434 -4.5129637506e-11 -0.0371337544394)
(1.67269452453 -3.39317430697e-10 -0.0159783011593)
(1.80173190104 3.443354717e-11 -0.00894022292277)
(1.88040660439 1.26205289827e-09 -0.00594091214358)
(1.93861747551 6.3930654977e-10 -0.00421544674746)
(1.34310996243 -7.76532182643e-11 -0.0591536610266)
(1.65071394758 -7.44953340803e-11 -0.0236143909092)
(1.76774141755 2.56296023601e-10 -0.0136853931753)
(1.83564879348 7.8164612707e-10 -0.00894792629821)
(1.88486080718 7.85745047352e-10 -0.00619075735149)
(1.31920940619 -1.21286882128e-10 -0.0804364909945)
(1.61328637037 9.95246746392e-11 -0.0305750676754)
(1.71036155159 6.26729764922e-10 -0.0176499592847)
(1.7616472929 8.32661730293e-10 -0.0111847926219)
(1.79767706029 1.03510626706e-09 -0.00751770860382)
(1.28092315641 -1.8273521409e-10 -0.0990503201756)
(1.55378005146 3.23181327235e-10 -0.036013580768)
(1.62180433742 3.2409264214e-10 -0.0200918089431)
(1.65092896819 3.20775089554e-10 -0.0121452290411)
(1.67072857158 4.82481601784e-10 -0.0078793985091)
(1.22162902827 -2.72742229438e-10 -0.113274086939)
(1.46192465905 2.58584033936e-11 -0.0390410755511)
(1.49082078949 1.39565169034e-10 -0.0204031636616)
(1.49374543336 -8.58582847151e-11 -0.0115243065238)
(1.4964585384 1.87117254702e-10 -0.00715941232049)
(1.13105415583 -4.11918706728e-10 -0.120557920087)
(1.32222871795 -6.58086852245e-11 -0.0385802149691)
(1.30277685667 5.24695934643e-11 -0.0181087401066)
(1.27939001212 -1.25541034491e-11 -0.00927632540519)
(1.26767790801 8.20172462735e-11 -0.00548402892265)
(0.991882245771 -2.04887226678e-10 -0.11575760162)
(1.11136791672 -7.82723358144e-12 -0.033140487482)
(1.04093901995 3.16958292124e-11 -0.0131382857602)
(0.998753021495 1.34789899508e-12 -0.00583343945285)
(0.979563541096 3.86184631702e-11 -0.00329329878365)
(0.770715014593 -1.43248184414e-10 -0.0893565682146)
(0.794721435827 1.16115863683e-10 -0.0213902478557)
(0.691038262023 2.860274548e-11 -0.00651279650904)
(0.648162980423 3.35985580766e-12 -0.00233349313179)
(0.631295366753 1.79974253109e-11 -0.00130847098466)
(0.389727406202 -1.53867613801e-10 -0.0331746618093)
(0.325126605609 -9.57583457267e-11 -0.00466960154321)
(0.251338791853 5.54970339892e-12 -0.000401314303532)
(0.232202311176 9.53050111551e-13 -0.00010817579806)
(0.225738451117 5.069893954e-12 -0.000121568145693)
(2.00639517736 -1.36435455063e-10 -0.00117993987355)
(2.0380609421 -1.87473267957e-11 -0.000854422772288)
(2.06098283679 -2.06780100536e-10 -0.000620896266735)
(2.07749492872 -3.84708548181e-10 -0.000451567365303)
(2.08951075454 -1.61532295901e-10 -0.000279205638464)
(1.97939254919 -5.11207590389e-10 -0.00303054057807)
(2.00832198671 -3.00131539569e-11 -0.00218999513772)
(2.02912835949 -5.99210239711e-10 -0.00158831675652)
(2.04403954779 -1.13816131615e-09 -0.00115324073734)
(2.05487754886 -4.02787848462e-10 -0.000715988004907)
(1.918330593 2.42569206997e-10 -0.00440871623438)
(1.94153777651 1.66705081964e-10 -0.00316078350225)
(1.95797570632 -1.19451578107e-10 -0.0022778914285)
(1.96961001961 -4.14313773597e-10 -0.00164653310743)
(1.97804444832 -2.70527595258e-10 -0.00102201986709)
(1.82087322862 4.66731219756e-10 -0.00526928705271)
(1.83628755646 2.73765488258e-10 -0.0037308512748)
(1.84691672956 9.03419856169e-11 -0.00266394700488)
(1.85426768429 -9.61658295569e-11 -0.00191456174998)
(1.859587567 -1.17985727676e-10 -0.00118690719648)
(1.68200617072 3.57034426279e-10 -0.00540799682336)
(1.68877726956 2.58708386882e-10 -0.00376903514935)
(1.69317366976 1.51436372284e-10 -0.00266150415325)
(1.69603408193 3.3987531897e-11 -0.00190097418059)
(1.69812794149 -2.16518635822e-11 -0.00117668992687)
(1.49613747236 2.17765997849e-10 -0.00479727799849)
(1.49496003696 2.01848756923e-10 -0.00328588670949)
(1.49385256922 1.48490632629e-10 -0.00229377376794)
(1.49285429359 7.6047184887e-11 -0.00162934906243)
(1.49220940945 2.40222347613e-11 -0.00100784849499)
(1.25849205294 1.25306808575e-10 -0.00359348315666)
(1.25164209025 1.53424900231e-10 -0.00242155688227)
(1.24679238139 1.25506904739e-10 -0.00167341779699)
(1.24325011136 7.8311129335e-11 -0.00118477359653)
(1.24081285994 3.79306951772e-11 -0.00073366327142)
(0.966390112158 7.06164572796e-11 -0.00213350585874)
(0.957265779068 1.28616870733e-10 -0.00141981951983)
(0.95104613176 9.78840723913e-11 -0.000974262030627)
(0.946626399654 6.25559628578e-11 -0.000690080348368)
(0.943562976921 3.3664549535e-11 -0.000428835340418)
(0.619825111665 3.65842316807e-11 -0.000860151905939)
(0.612065826219 1.28360741851e-10 -0.00056727764281)
(0.606876196284 6.53382923368e-11 -0.000387954562046)
(0.603217953812 3.83880399176e-11 -0.000276489662457)
(0.600667709941 2.09938599469e-11 -0.000172864584799)
(0.22079516523 1.10255649656e-11 -7.95555979353e-05)
(0.217479361909 1.54101576366e-10 -5.05683514902e-05)
(0.215293044296 2.29448193827e-11 -3.49639978471e-05)
(0.213748864873 1.16516725173e-11 -2.59272110117e-05)
(0.212665158864 6.33762414515e-12 -1.56074840965e-05)
(2.09320618363 -1.06734367557e-10 -0.000246748845808)
(2.09635668145 -7.19344006559e-11 -0.000275389558864)
(2.09902587164 -4.97221177996e-11 -0.000252671405906)
(2.101465689 -3.54005587906e-11 -0.00022608649288)
(2.10365567913 -2.65574556541e-11 -0.000202176194343)
(2.1055973416 -2.98818806881e-11 -0.000180269657429)
(2.10731757374 -3.37850684887e-11 -0.000160534666619)
(2.10884193843 -3.61838734124e-11 -0.000142948051035)
(2.11019215205 -3.62152295461e-11 -0.000127304067826)
(2.11138768415 -3.42615819307e-11 -0.000113394285457)
(2.11244601641 -3.11576919947e-11 -0.000101030219023)
(2.11338267992 -2.81005187094e-11 -9.00404948562e-05)
(2.1142114473 -3.41198065843e-11 -8.02643121992e-05)
(2.1149445382 -4.13327327334e-11 -7.15723665976e-05)
(2.11559277564 -4.52695213159e-11 -6.38386249909e-05)
(2.11616576295 -4.34892281247e-11 -5.69589523762e-05)
(2.11667201534 -3.97694232299e-11 -5.08356419744e-05)
(2.11711908291 -3.5220030971e-11 -4.53862446487e-05)
(2.11751366726 -2.83200966846e-11 -4.0536368153e-05)
(2.1178617144 -2.12996730852e-11 -3.62180525763e-05)
(2.1181685048 -2.4729436103e-11 -3.23692435181e-05)
(2.11843872672 -3.09358051169e-11 -2.89424286678e-05)
(2.1186765367 -3.52722108578e-11 -2.58865676668e-05)
(2.11888560883 -3.67436332028e-11 -2.31682402295e-05)
(2.11906924203 -3.59474814457e-11 -2.07386072441e-05)
(2.11923035677 -3.37521857743e-11 -1.85710132481e-05)
(2.11937152196 -3.10478702315e-11 -1.66392881771e-05)
(2.11949501869 -3.36603067072e-11 -1.49222014476e-05)
(2.11960288321 -2.49062842304e-10 -1.33882832637e-05)
(2.11969692986 -1.84035969001e-10 -1.20184147227e-05)
(2.11977876267 -1.20384336452e-10 -1.0794663722e-05)
(2.11984980385 -8.21571383462e-11 -9.70198197818e-06)
(2.11991131471 -5.92736551284e-11 -8.72592278175e-06)
(2.11996441434 -4.37594921137e-11 -7.85371888631e-06)
(2.12001009528 -3.12222002973e-11 -7.073940353e-06)
(2.1200492371 -2.17785529407e-11 -6.37651907782e-06)
(2.12008262269 -1.5618832175e-11 -5.75307617244e-06)
(2.12011094832 -8.95622229404e-12 -5.19432529675e-06)
(2.12013482638 -2.22647148337e-12 -4.69464035707e-06)
(2.12015479603 4.12173149139e-12 -4.24674905824e-06)
(2.12017135142 4.08149337648e-11 -3.84536095432e-06)
(2.12018491448 4.99170602366e-11 -3.48502066918e-06)
(2.1201958328 4.29794226907e-11 -3.16777906925e-06)
(2.12020447525 3.34053902135e-11 -2.87483477786e-06)
(2.12021113806 2.62409516244e-11 -2.60654803165e-06)
(2.12021607903 2.18795822088e-11 -2.36298133852e-06)
(2.12021952163 1.94418813557e-11 -2.15734887085e-06)
(2.12022163865 1.80793568122e-11 -1.97052518614e-06)
(2.12022262941 1.72325631221e-11 -1.7997974271e-06)
(2.12022265593 1.65871503764e-11 -1.64353969064e-06)
(2.12022185254 1.59884141441e-11 -1.5023333825e-06)
(2.12022033834 1.53725433892e-11 -1.3742288914e-06)
(2.12021821883 1.47239980798e-11 -1.2582155574e-06)
(2.12021558467 1.41304586722e-11 -1.15287147643e-06)
(2.12021251715 1.58031944736e-11 -1.0567500295e-06)
(2.1202090859 6.10133092368e-11 -9.69203020608e-07)
(2.12020534774 7.76628715039e-11 -8.89850348647e-07)
(2.1202013605 7.78807577567e-11 -8.16294797319e-07)
(2.12019717279 7.25015753041e-11 -7.49181348363e-07)
(2.1201927953 6.60760272752e-11 -6.94115736687e-07)
(2.12018826088 6.01366742709e-11 -6.35386948942e-07)
(2.12018364177 5.52825588976e-11 -5.78019187391e-07)
(2.12017896836 5.16317015246e-11 -5.21499194558e-07)
(2.12017420761 4.86166560524e-11 -4.9282185533e-07)
(2.12016939183 4.59982222622e-11 -4.45615713037e-07)
(2.12016456519 4.36300779739e-11 -4.06056615846e-07)
(2.12015970598 4.12647691775e-11 -3.72564818143e-07)
(2.12015481224 3.89406786342e-11 -3.42526312254e-07)
(2.12014989619 3.69094869923e-11 -3.10352893057e-07)
(2.12014498352 3.6967900972e-11 -2.80495303215e-07)
(2.12014007899 3.82753522776e-11 -2.55000230957e-07)
(2.12013516472 7.80489993484e-11 -2.30640771806e-07)
(2.12013024911 9.40106566008e-11 -2.0753684427e-07)
(2.1201253351 9.61221136307e-11 -1.86640818327e-07)
(2.12012041871 9.21888308976e-11 -1.66942199653e-07)
(2.12011550458 8.60033710617e-11 -1.46845875277e-07)
(2.12011058879 7.93149744001e-11 -1.30745216064e-07)
(2.12010567138 7.28579234047e-11 -1.14253259481e-07)
(2.12010074899 6.68967526737e-11 -1.00082746353e-07)
(2.12009582128 6.17230062442e-11 -8.57597242335e-08)
(2.12009088903 5.91388609445e-11 -7.31647571413e-08)
(2.1200859487 5.63248486406e-11 -6.11575966006e-08)
(2.12008099925 5.33474394914e-11 -5.01398045792e-08)
(2.12007603915 5.25094797899e-11 -3.98493503915e-08)
(2.12007106712 5.14065233683e-11 -3.06250271674e-08)
(2.12006608121 5.17211873111e-11 -2.16463274242e-08)
(2.12006108039 4.25925874084e-11 -1.34225101043e-08)
(2.12005606358 -1.06533684036e-09 -6.01445646796e-09)
(2.12005102922 -1.92956813422e-10 6.15842574769e-10)
(2.12004597743 -7.19703202633e-12 7.01126591225e-09)
(2.12004090928 4.13462003944e-11 1.23729584548e-08)
(2.12003582698 5.99348177106e-11 1.74208831445e-08)
(2.12003073179 6.77429791576e-11 2.1528461867e-08)
(2.12002562476 7.04349772104e-11 2.53248217111e-08)
(2.12002050705 7.25252755859e-11 2.84212651864e-08)
(2.12001538033 7.25362564815e-11 3.15091866394e-08)
(2.12001024527 7.0784145185e-11 3.38103292583e-08)
(2.12000510194 6.81551930524e-11 3.60243771293e-08)
(2.11999995105 6.63588368854e-11 3.7691698341e-08)
(2.11999479402 6.28175514414e-11 3.95488315627e-08)
(2.1199896313 5.87051002181e-11 4.07361597783e-08)
(2.11998446268 5.53430143064e-11 4.19796684852e-08)
(2.1199792887 5.49573958347e-11 4.27807228619e-08)
(2.11997411063 5.45602770622e-11 4.39220508829e-08)
(2.11996892882 5.3981948217e-11 4.44168032272e-08)
(2.11996374289 5.50173139291e-11 4.50980231153e-08)
(2.1199585533 5.48058743319e-11 4.53965633494e-08)
(2.11995336123 5.35953397526e-11 4.60941383924e-08)
(2.11994816688 5.26406879442e-11 4.6241988416e-08)
(2.11994296975 5.10400130088e-11 4.66068565484e-08)
(2.11993777019 1.40933006514e-11 4.66354278396e-08)
(2.11993256929 6.8235091166e-12 4.71192377041e-08)
(2.11992736715 1.53634844984e-11 4.70549721357e-08)
(2.11992216318 2.43667593528e-11 4.72258047165e-08)
(2.11991695765 3.07890749794e-11 4.7148956399e-08)
(2.11991175153 3.65547746212e-11 4.74880598661e-08)
(2.11990654491 3.89694060236e-11 4.73543305486e-08)
(2.11990133722 3.8961629259e-11 4.7418256653e-08)
(2.11989612903 3.78376154962e-11 4.72006041829e-08)
(2.11989092222 3.63022012684e-11 4.71984319294e-08)
(2.11988571953 3.4599752819e-11 4.61025662466e-08)
(2.11988053455 3.28005702123e-11 4.38258784181e-08)
(2.11987536694 3.11138702124e-11 3.29713410504e-08)
(2.1198705354 3.12064432088e-11 3.28700089979e-08)
(2.11986466953 3.03809068307e-11 -8.46385509646e-08)
(2.05819696262 -2.63512049094e-10 -0.00063133088183)
(2.06101716269 -1.79160418837e-10 -0.000687647485627)
(2.06340334594 -1.25313039576e-10 -0.000639538821918)
(2.06558172946 -9.02788217813e-11 -0.000572440906937)
(2.06753824902 -6.88356396604e-11 -0.000511580457189)
(2.06927229404 -8.75225955841e-11 -0.000456366096042)
(2.07080789777 -9.93953004626e-11 -0.00040650484982)
(2.07216824389 -1.05440958401e-10 -0.000361980096879)
(2.07337282153 -1.0380787096e-10 -0.000322368213131)
(2.0744390564 -9.66686531453e-11 -0.00028715127812)
(2.07538260414 -8.67871323545e-11 -0.000255845650449)
(2.07621737168 -7.75710529716e-11 -0.000228017900711)
(2.07695568324 -1.0125421144e-10 -0.000203265004453)
(2.07760847298 -1.22810182929e-10 -0.000181253552427)
(2.0781854243 -1.3179995133e-10 -0.000161672690768)
(2.0786951281 -1.22506069672e-10 -0.000144248111038)
(2.0791452028 -1.10527686611e-10 -0.000128745182869)
(2.07954240115 -9.69472708796e-11 -0.000114946878895)
(2.07989272019 -7.53874070452e-11 -0.000102664081364)
(2.08020147976 -5.4946652808e-11 -9.17276474699e-05)
(2.0804734033 -7.23505153906e-11 -8.19815048853e-05)
(2.08071268516 -9.21136695898e-11 -7.3303111226e-05)
(2.08092304339 -1.03374123852e-10 -6.55656249079e-05)
(2.08110776354 -1.05593525609e-10 -5.86805038384e-05)
(2.08126980073 -1.01660692374e-10 -5.25264024689e-05)
(2.08141176474 -9.44749148346e-11 -4.70368390999e-05)
(2.08153594982 -8.64591708164e-11 -4.21480295439e-05)
(2.08164439738 -9.30419311797e-11 -3.77975922967e-05)
(2.08173892978 -9.18805408474e-10 -3.39126309948e-05)
(2.08182116797 -4.97661864886e-10 -3.04429615658e-05)
(2.08189254558 -3.03137437434e-10 -2.7344032977e-05)
(2.08195433342 -2.07618451435e-10 -2.45767988146e-05)
(2.08200765858 -1.51935387542e-10 -2.21048784697e-05)
(2.08205352056 -1.12853485239e-10 -1.9895886845e-05)
(2.08209280567 -7.93847978621e-11 -1.79209421792e-05)
(2.08212629885 -5.48558356911e-11 -1.61546344585e-05)
(2.08215469923 -3.97311549512e-11 -1.45755006461e-05)
(2.08217862782 -2.03070472872e-11 -1.31605405868e-05)
(2.0821986308 -1.22346208369e-12 -1.18946978872e-05)
(2.08221518885 1.54652931828e-11 -1.0759913164e-05)
(2.08222874322 1.39042863799e-10 -9.74431142603e-06)
(2.08223966834 1.47861564283e-10 -8.83144895706e-06)
(2.08224827336 1.18167282773e-10 -8.02496542545e-06)
(2.08225489439 8.88227867891e-11 -7.27260896154e-06)
(2.08225978752 6.95498011807e-11 -6.61423478541e-06)
(2.08226317657 5.88225636113e-11 -5.99327902219e-06)
(2.08226526563 5.32228825065e-11 -5.4682182822e-06)
(2.08226620818 5.01991354499e-11 -4.99531773944e-06)
(2.08226618057 4.82628476354e-11 -4.5613231222e-06)
(2.08226532605 4.66531427246e-11 -4.16579023182e-06)
(2.08226376296 4.50340121291e-11 -3.80803996492e-06)
(2.08226159665 4.32926832968e-11 -3.48367415781e-06)
(2.08225892002 4.14265613953e-11 -3.18963352786e-06)
(2.08225581275 3.97164295661e-11 -2.92267508745e-06)
(2.08225234622 4.5083527742e-11 -2.67910183485e-06)
(2.08224858111 2.09440962618e-10 -2.45734525582e-06)
(2.08224456692 2.35911259898e-10 -2.25595872376e-06)
(2.08224035466 2.23569567095e-10 -2.06964770538e-06)
(2.08223598485 2.03319106653e-10 -1.9000506234e-06)
(2.08223146558 1.83787873051e-10 -1.75909451168e-06)
(2.08222682701 1.66912259966e-10 -1.61107024419e-06)
(2.08222213485 1.53597849162e-10 -1.46577815226e-06)
(2.08221741129 1.43890584124e-10 -1.32809162544e-06)
(2.08221262627 1.35693222681e-10 -1.24589707221e-06)
(2.08220781099 1.28554012556e-10 -1.1300885838e-06)
(2.08220299952 1.21998651844e-10 -1.02929532577e-06)
(2.08219817199 1.15345285209e-10 -9.45335266621e-07)
(2.08219332559 1.08946112834e-10 -8.69096834457e-07)
(2.08218847021 1.03570532236e-10 -7.87436211044e-07)
(2.08218362873 1.05505204596e-10 -7.12106121385e-07)
(2.08217880618 1.09199347901e-10 -6.46466027543e-07)
(2.08217398325 2.55567208714e-10 -5.86193893919e-07)
(2.08216916728 2.79894745323e-10 -5.26683523093e-07)
(2.08216436023 2.73853488465e-10 -4.74176724373e-07)
(2.08215955795 2.58127649613e-10 -4.23103116567e-07)
(2.08215476349 2.39399983328e-10 -3.7530566033e-07)
(2.08214997277 2.20475611113e-10 -3.32005720552e-07)
(2.0821451858 2.02487649175e-10 -2.90687911711e-07)
(2.08214039839 1.85929138308e-10 -2.54204106484e-07)
(2.08213560984 1.7170186664e-10 -2.18883856221e-07)
(2.08213082052 1.66285000558e-10 -1.8665781793e-07)
(2.08212602687 1.58143398218e-10 -1.56403317767e-07)
(2.0821212274 1.49412830851e-10 -1.28430269297e-07)
(2.08211642029 1.48666677231e-10 -1.02639561695e-07)
(2.08211160434 1.4532331249e-10 -7.86476332112e-08)
(2.0821067773 1.47608278032e-10 -5.63017495082e-08)
(2.08210193769 1.41714365625e-10 -3.52665389642e-08)
(2.0820970843 -6.18285052254e-11 -1.69323543955e-08)
(2.08209221518 3.17389560168e-11 5.2924004029e-10)
(2.08208732981 1.08719083938e-10 1.64079483703e-08)
(2.08208242975 1.53563089833e-10 3.01941047828e-08)
(2.08207751739 1.84277110257e-10 4.26734206287e-08)
(2.08207259385 1.98262610603e-10 5.32559380199e-08)
(2.08206766006 2.02221073544e-10 6.27167038594e-08)
(2.08206271702 2.08017187127e-10 7.07998069963e-08)
(2.08205776619 2.06758074658e-10 7.82018860521e-08)
(2.08205280809 2.00727643463e-10 8.42085098515e-08)
(2.08204784271 1.92678401254e-10 8.96570512497e-08)
(2.08204287064 1.88199931543e-10 9.41400376331e-08)
(2.08203789316 1.76591968343e-10 9.8415745525e-08)
(2.08203291062 1.6420376188e-10 1.01655227465e-07)
(2.08202792278 1.5491315176e-10 1.04639510647e-07)
(2.0820229301 1.55971109009e-10 1.06960081252e-07)
(2.08201793377 1.54655055172e-10 1.09369319188e-07)
(2.08201293405 1.52655633898e-10 1.10933675997e-07)
(2.08200793058 1.56965274572e-10 1.12483573329e-07)
(2.08200292378 1.55597438946e-10 1.13543738437e-07)
(2.08199791474 1.51462515606e-10 1.14883467255e-07)
(2.08199290362 1.48942763047e-10 1.15513790599e-07)
(2.08198788993 1.44763343377e-10 1.16251500032e-07)
(2.08198287402 1.12862567263e-11 1.16639828963e-07)
(2.08197785689 1.28548546673e-11 1.17373254914e-07)
(2.08197283863 4.8807299929e-11 1.17525505593e-07)
(2.08196781867 7.47795012616e-11 1.17862443156e-07)
(2.08196279726 9.11951736515e-11 1.17906806073e-07)
(2.08195777534 1.07510838935e-10 1.18377613847e-07)
(2.08195275295 1.1226528622e-10 1.18275285393e-07)
(2.08194772955 1.10713057009e-10 1.18345491743e-07)
(2.08194270569 1.06840119693e-10 1.18038280714e-07)
(2.08193768309 1.02248681423e-10 1.17655268803e-07)
(2.0819326643 9.73363246912e-11 1.15274240544e-07)
(2.08192766126 9.21849481534e-11 1.09175859467e-07)
(2.08192267882 8.74473255494e-11 8.52381844132e-08)
(2.08191800727 8.90107104263e-11 6.08822375288e-08)
(2.08191230951 8.58505591082e-11 -1.93134187137e-07)
(1.98060603207 -2.11999859607e-10 -0.000902213588606)
(1.9827617717 -1.60125078257e-10 -0.000966752289513)
(1.98457548291 -1.21094858043e-10 -0.000905277489381)
(1.98623046319 -9.31942817885e-11 -0.000809409010688)
(1.98771779556 -7.74522501747e-11 -0.00072248567101)
(1.98903492591 -1.7591162813e-10 -0.000644572083232)
(1.99020022871 -1.8603871281e-10 -0.000574217921115)
(1.99123174461 -1.88858368126e-10 -0.000511326833324)
(1.9921444097 -1.74002446601e-10 -0.000455385217952)
(1.99295153125 -1.52667376399e-10 -0.00040566160916)
(1.99366507966 -1.30597929581e-10 -0.000361459385582)
(1.99429568774 -1.12266538569e-10 -0.000322161994743)
(1.99485276935 -2.03086850716e-10 -0.000287215690339)
(1.99534467839 -2.37277556521e-10 -0.000256128198005)
(1.9957788134 -2.33528408172e-10 -0.000228477095331)
(1.99616173602 -1.88392530064e-10 -0.000203870140693)
(1.99649926736 -1.64515431168e-10 -0.000181976710008)
(1.99679656745 -1.3939052658e-10 -0.000162488544581)
(1.99705821822 -8.9209352281e-11 -0.000145137021448)
(1.99728828488 -5.4396085922e-11 -0.000129686220722)
(1.9974903753 -1.46001154655e-10 -0.000115920089293)
(1.99766769532 -1.81675987484e-10 -0.000103657378355)
(1.99782308302 -1.88226119012e-10 -9.27315526361e-05)
(1.99795904839 -1.78417604661e-10 -8.29965240864e-05)
(1.99807785293 -1.62046061745e-10 -7.43002532194e-05)
(1.99818148163 -1.45498420576e-10 -6.6547219494e-05)
(1.9982716852 -1.3104263829e-10 -5.96440122877e-05)
(1.9983500237 -1.22409984982e-10 -5.34931309708e-05)
(1.99841788679 -2.74553280043e-10 -4.80014182413e-05)
(1.99847650876 -2.78304897779e-10 -4.30970234455e-05)
(1.99852698174 -2.27170710601e-10 -3.87173785853e-05)
(1.99857027345 -1.9859754666e-10 -3.48061129705e-05)
(1.99860724141 -1.61329829704e-10 -3.1311909733e-05)
(1.99863864542 -1.2193359454e-10 -2.81890606206e-05)
(1.99866515873 -7.58719812431e-11 -2.53966657822e-05)
(1.99868737651 -5.02715576732e-11 -2.28988243804e-05)
(1.99870582984 -4.04712776426e-11 -2.06656209858e-05)
(1.99872098958 -4.23820775218e-13 -1.86645988854e-05)
(1.99873326928 3.00743899942e-11 -1.68731999767e-05)
(1.9987430309 4.5280665692e-11 -1.5267853435e-05)
(1.99875061062 3.8678451688e-10 -1.3832769398e-05)
(1.99875628908 2.44459545804e-10 -1.25415505822e-05)
(1.99876030016 1.50172367368e-10 -1.13940201647e-05)
(1.99876289572 1.03117070357e-10 -1.03285502012e-05)
(1.99876427338 8.4386569663e-11 -9.39325457738e-06)
(1.99876459173 7.85591374039e-11 -8.52654806873e-06)
(1.99876399801 7.72735377308e-11 -7.7808471436e-06)
(1.99876261716 7.68591011087e-11 -7.10728354998e-06)
(1.9987605775 7.59784652073e-11 -6.49008799764e-06)
(1.99875798388 7.4301643669e-11 -5.92944480449e-06)
(1.99875492375 7.18944245003e-11 -5.42208946722e-06)
(1.99875147457 6.89469150762e-11 -4.96193991635e-06)
(1.99874770402 6.56682141637e-11 -4.54452426979e-06)
(1.99874366966 6.26563308222e-11 -4.16533206217e-06)
(1.99873942312 7.41793736877e-11 -3.81932484014e-06)
(1.99873500717 6.24328088411e-10 -3.50414846862e-06)
(1.99873045656 4.51716983045e-10 -3.21746307889e-06)
(1.99872580849 3.61791100665e-10 -2.95228267282e-06)
(1.99872108724 3.10205342496e-10 -2.71273973913e-06)
(1.99871629758 2.75847832126e-10 -2.50698372133e-06)
(1.99871146172 2.50163109468e-10 -2.30023225561e-06)
(1.998706632 2.31988046476e-10 -2.09473369198e-06)
(1.99870181431 2.20408421737e-10 -1.90500901959e-06)
(1.99869698917 2.08833947772e-10 -1.77160936921e-06)
(1.9986921817 1.98988709016e-10 -1.61169143972e-06)
(1.99868740463 1.88844936109e-10 -1.4709074077e-06)
(1.99868264309 1.77962904104e-10 -1.35030510902e-06)
(1.99867789354 1.6902134593e-10 -1.24202130122e-06)
(1.99867316044 1.62842680875e-10 -1.12481627183e-06)
(1.99866846149 1.79638766106e-10 -1.01765921638e-06)
(1.99866380163 1.80882975546e-10 -9.20976016697e-07)
(1.99865915965 6.99139245468e-10 -8.38974974993e-07)
(1.99865454013 5.15978773043e-10 -7.5319191772e-07)
(1.99864994292 4.39206420443e-10 -6.77719248824e-07)
(1.9986453635 3.95340179559e-10 -6.03934583795e-07)
(1.99864080304 3.61944731002e-10 -5.37224297158e-07)
(1.99863625692 3.33005578545e-10 -4.73510206936e-07)
(1.99863172341 3.05860480128e-10 -4.16001358233e-07)
(1.99862719802 2.80913831992e-10 -3.62246330139e-07)
(1.99862267967 2.60460626089e-10 -3.12936390733e-07)
(1.99861816769 2.66055104858e-10 -2.66788752113e-07)
(1.99861365808 2.48848057888e-10 -2.23698865962e-07)
(1.99860914882 2.32456110502e-10 -1.83889613516e-07)
(1.99860463792 2.44479254221e-10 -1.47045542332e-07)
(1.99860012364 2.34293249952e-10 -1.12451579742e-07)
(1.9985956034 2.48222896321e-10 -8.08469304059e-08)
(1.99859107523 2.41370553068e-10 -5.08288881749e-08)
(1.99858653762 3.0704888187e-10 -2.44027864994e-08)
(1.99858198791 3.41948161532e-10 1.01679025376e-09)
(1.99857742554 3.42379456642e-10 2.35448280711e-08)
(1.99857285254 3.37337727376e-10 4.33146219951e-08)
(1.99856827103 3.56307311515e-10 6.09391969676e-08)
(1.99856368177 3.50051800105e-10 7.59499772165e-08)
(1.99855908536 3.40511813878e-10 8.92923041869e-08)
(1.99855448238 3.54702058821e-10 1.00712571188e-07)
(1.99854987396 3.42435098125e-10 1.10994419669e-07)
(1.99854526036 3.26351537102e-10 1.1950994421e-07)
(1.9985406413 3.10298642314e-10 1.27102321391e-07)
(1.99853601718 3.09150611637e-10 1.33480880914e-07)
(1.99853138903 2.76844286999e-10 1.39348955271e-07)
(1.99852675709 2.53254232272e-10 1.43965311459e-07)
(1.99852212095 2.4106441223e-10 1.48107860794e-07)
(1.99851748097 2.59719684886e-10 1.51430866577e-07)
(1.99851283817 2.52776992657e-10 1.54647881823e-07)
(1.99850819272 2.46695801995e-10 1.56935546678e-07)
(1.99850354424 2.65161980897e-10 1.59026959061e-07)
(1.99849889302 2.54621386413e-10 1.60614351732e-07)
(1.99849424003 2.43339480754e-10 1.62300390395e-07)
(1.99848958543 2.41661188613e-10 1.6326916312e-07)
(1.99848492866 2.38754601987e-10 1.64282496934e-07)
(1.99848027003 -2.10172819312e-10 1.64923636012e-07)
(1.99847561045 1.32914904636e-11 1.65782262506e-07)
(1.99847094998 1.3178752498e-10 1.66085286262e-07)
(1.99846628807 1.59441421303e-10 1.66505529493e-07)
(1.99846162491 1.71368601064e-10 1.66647804355e-07)
(1.99845696136 2.00548973806e-10 1.6711727525e-07)
(1.99845229748 1.91586508942e-10 1.67058237483e-07)
(1.99844763271 1.80151638135e-10 1.67139495098e-07)
(1.99844296751 1.70798848251e-10 1.66796383744e-07)
(1.99843830336 1.62497154084e-10 1.66088929704e-07)
(1.9984336423 1.54163434555e-10 1.62827354178e-07)
(1.99842899428 1.45464090094e-10 1.5352829232e-07)
(1.99842436346 1.38048601379e-10 1.22000953554e-07)
(1.9984200141 1.50770375274e-10 5.39997534127e-08)
(1.99841463476 1.36873144125e-10 -2.7681616319e-07)
(1.86117217746 -1.00247411219e-10 -0.00104641487748)
(1.86248099327 -7.48413649995e-11 -0.00110904681065)
(1.86356845695 -6.45275941202e-11 -0.00104100990133)
(1.86456262902 -5.77189170089e-11 -0.000930793816515)
(1.86545767028 -5.73039449855e-11 -0.000830535052135)
(1.86624923464 -4.55949484378e-10 -0.000741094469989)
(1.86694831871 -2.91029260613e-10 -0.000660320914813)
(1.86756611816 -2.80238220486e-10 -0.000588065930101)
(1.86811168828 -2.24242651755e-10 -0.000523793491484)
(1.86859307758 -1.79335289922e-10 -0.000466662820503)
(1.86901756753 -1.4329918074e-10 -0.000415867758726)
(1.8693916353 -1.09786718168e-10 -0.000370700849449)
(1.86972102517 -4.40089719599e-10 -0.000330533474626)
(1.87001083701 -3.99890340436e-10 -0.00029479446102)
(1.8702655892 -3.25337886114e-10 -0.000263004519474)
(1.87048929523 -1.74072972212e-10 -0.000234713407395)
(1.87068551572 -1.80734394322e-10 -0.00020953612057)
(1.87085740669 -1.43761323777e-10 -0.000187122393004)
(1.87100777014 -1.44495756061e-11 -0.000167164198561)
(1.87113909373 1.41074098561e-11 -0.000149388229729)
(1.87125358252 -4.07906083858e-10 -0.00013355522706)
(1.8713531997 -3.31536039337e-10 -0.00011944319684)
(1.87143967626 -2.77816045232e-10 -0.000106876298676)
(1.87151454631 -2.32111317941e-10 -9.5667375204e-05)
(1.87157919185 -1.94592965142e-10 -8.56638015244e-05)
(1.87163482138 -1.71971647091e-10 -7.67485220545e-05)
(1.87168250196 -1.55102767059e-10 -6.88045265391e-05)
(1.87172318343 -1.37924850846e-10 -6.17211524561e-05)
(1.87175770995 -1.78274802591e-10 -5.53978767424e-05)
(1.87178683096 -2.00883185645e-10 -4.97517220537e-05)
(1.87181120905 -1.20200983047e-10 -4.47096300123e-05)
(1.87183143037 -1.6876464867e-10 -4.02061297537e-05)
(1.87184801312 -1.19111897047e-10 -3.61822685007e-05)
(1.87186141558 -6.93806927975e-11 -3.2585491787e-05)
(1.87187204304 2.06766465095e-12 -2.93685723556e-05)
(1.87188025178 -7.37869142827e-12 -2.64900088196e-05)
(1.8718863615 -3.11809681377e-11 -2.39167126131e-05)
(1.87189065419 9.04752092693e-11 -2.16104533233e-05)
(1.87189337728 1.14318496989e-10 -1.95437478948e-05)
(1.87189474145 7.1659019719e-11 -1.76944245581e-05)
(1.87189495385 -2.03027412332e-10 -1.60380009459e-05)
(1.8718941777 -1.18525562672e-11 -1.45536942496e-05)
(1.87189254593 -1.54521339994e-12 -1.32165485577e-05)
(1.87189021361 3.62088418511e-11 -1.19919087177e-05)
(1.87188729001 6.80538780211e-11 -1.09020736058e-05)
(1.87188386327 8.79282461936e-11 -9.92006589474e-06)
(1.87188001892 9.82330952724e-11 -9.05447193531e-06)
(1.87187583002 1.02100506165e-10 -8.26994654437e-06)
(1.87187136801 1.01884129687e-10 -7.5548092941e-06)
(1.8718666918 9.91613594289e-11 -6.9060310141e-06)
(1.87186184979 9.49753319244e-11 -6.31841991891e-06)
(1.87185688419 9.00150295748e-11 -5.78513637459e-06)
(1.87185183115 8.47418598909e-11 -5.30095302502e-06)
(1.87184672062 7.9902398364e-11 -4.86071897288e-06)
(1.87184157944 8.64676677716e-11 -4.45877889028e-06)
(1.87183642813 3.05947297187e-10 -4.09253225545e-06)
(1.87183128311 3.58734563796e-10 -3.75860067051e-06)
(1.87182616337 3.56853919942e-10 -3.4497773063e-06)
(1.8718210748 3.38338525137e-10 -3.17417119488e-06)
(1.87181601794 3.15815408632e-10 -2.92647010672e-06)
(1.87181100277 2.93461833246e-10 -2.68830820246e-06)
(1.87180606629 2.79253654735e-10 -2.45350640899e-06)
(1.87180119876 2.72846544465e-10 -2.23752451342e-06)
(1.87179638641 2.57776926518e-10 -2.06388441827e-06)
(1.87179164565 2.50603835331e-10 -1.88286258259e-06)
(1.87178697248 2.33881707058e-10 -1.72158874938e-06)
(1.87178235221 2.16387022012e-10 -1.57899050919e-06)
(1.87177778099 2.1184776659e-10 -1.45268923376e-06)
(1.87177325696 2.09683465302e-10 -1.31583219185e-06)
(1.87176879191 2.86924969133e-10 -1.1907511681e-06)
(1.87176438852 2.23871846188e-10 -1.07502101779e-06)
(1.87176002618 4.11214503156e-10 -9.79677789181e-07)
(1.87175570581 4.67053283942e-10 -8.79840661008e-07)
(1.87175142297 4.71685848362e-10 -7.92182376012e-07)
(1.87174717348 4.51355209219e-10 -7.0295582863e-07)
(1.87174295698 4.25058305261e-10 -6.26179034691e-07)
(1.87173876719 3.98617207577e-10 -5.50257339012e-07)
(1.87173460126 3.65688485354e-10 -4.83693876902e-07)
(1.87173045439 3.35221579395e-10 -4.20829418199e-07)
(1.87172632386 3.1441317337e-10 -3.62650750326e-07)
(1.87172220905 3.75698452623e-10 -3.08691772425e-07)
(1.87171810482 3.14041062825e-10 -2.58323252282e-07)
(1.87171400877 2.8931854693e-10 -2.1173453375e-07)
(1.87170991857 3.65281710463e-10 -1.6831809873e-07)
(1.87170583191 3.03381619436e-10 -1.28025165984e-07)
(1.87170174604 3.70662932999e-10 -9.09064708104e-08)
(1.87169765834 3.18820364735e-10 -5.59915177368e-08)
(1.87169356682 7.46532041442e-10 -2.39424911099e-08)
(1.87168946828 6.7534353766e-10 5.89607420755e-09)
(1.87168536336 5.53854622991e-10 3.23272761638e-08)
(1.87168125374 4.97162121689e-10 5.53866760827e-08)
(1.87167714065 5.50546103775e-10 7.56495862898e-08)
(1.87167302418 4.8371864967e-10 9.30671166224e-08)
(1.87166890438 4.58517677369e-10 1.08381436089e-07)
(1.87166478131 5.25714523979e-10 1.2151550637e-07)
(1.87166065568 4.55857100424e-10 1.33242357924e-07)
(1.87165652735 4.28893364412e-10 1.43022772985e-07)
(1.87165239584 4.07737765111e-10 1.51693589607e-07)
(1.87164826123 4.41133668969e-10 1.59036242705e-07)
(1.87164412431 3.29221502098e-10 1.65665664723e-07)
(1.87163998508 3.0654650615e-10 1.70965690603e-07)
(1.87163584305 3.0707908074e-10 1.75663883017e-07)
(1.87163169841 4.00613417199e-10 1.79491857646e-07)
(1.871627552 3.39700931369e-10 1.83084687057e-07)
(1.87162340384 3.26701001016e-10 1.85686107377e-07)
(1.8716192535 4.0633027441e-10 1.88041282857e-07)
(1.87161510119 3.36925225147e-10 1.89880019098e-07)
(1.87161094774 3.14896414103e-10 1.91722971659e-07)
(1.87160679318 3.29509802946e-10 1.9286242315e-07)
(1.871602637 3.50096037982e-10 1.93915743711e-07)
(1.87159847941 5.23831549362e-10 1.94639267912e-07)
(1.87159432122 3.94360160958e-10 1.9558367018e-07)
(1.87159016242 4.06738707133e-10 1.95940659645e-07)
(1.8715860025 2.77906322039e-10 1.96405372068e-07)
(1.87158184159 2.60690061644e-10 1.96575367301e-07)
(1.87157768047 3.38385824506e-10 1.97089932976e-07)
(1.87157351915 2.51071310639e-10 1.97053534027e-07)
(1.87156935712 2.28289417754e-10 1.97093067871e-07)
(1.87156519466 2.19208359621e-10 1.96710925181e-07)
(1.87156103298 2.10209203168e-10 1.95834003398e-07)
(1.87155687334 1.99080199411e-10 1.92010156762e-07)
(1.87155272326 1.86539830153e-10 1.80610813112e-07)
(1.87154858144 1.77409849452e-10 1.43607019244e-07)
(1.87154468704 2.36223695881e-10 4.42931567048e-08)
(1.87153974738 1.60410300738e-10 -3.53101794918e-07)
(1.69870313369 -1.43151996807e-11 -0.0010323803902)
(1.69915263722 2.26813115831e-11 -0.00108222355825)
(1.69950992789 -1.21649908519e-11 -0.00101644959259)
(1.69984220343 -2.5660638061e-11 -0.000909675985581)
(1.7001448361 -2.16528675358e-12 -0.000811962911514)
(1.70041157157 -4.53472132516e-11 -0.000724842326989)
(1.70064560662 -1.21644416463e-10 -0.000646098027877)
(1.70085097028 -3.31903540344e-10 -0.000575578530867)
(1.70103071628 -1.72439320004e-10 -0.000512810618681)
(1.70118758884 -1.33977272523e-10 -0.000456988044685)
(1.70132415839 -1.05386471141e-10 -0.000407335937896)
(1.70144274821 -3.59047769133e-11 -0.000363169875417)
(1.7015454361 -1.42496350027e-10 -0.000323878903981)
(1.70163407797 -4.49280814474e-10 -0.000288914720865)
(1.70171032275 -2.79678373401e-10 -0.000257807462563)
(1.70177564278 1.07872028923e-10 -0.000230118828299)
(1.70183134278 -2.19778975967e-10 -0.000205472841758)
(1.70187858036 -1.01420086978e-10 -0.000183527291488)
(1.70191838052 3.11678192763e-10 -0.000163986676144)
(1.70195165728 1.66856563416e-10 -0.000146577155006)
(1.70197921452 -7.30735019799e-11 -0.000131072313263)
(1.70200177357 -4.05608028826e-10 -0.000117246699986)
(1.70201996135 -2.66168364378e-10 -0.000104938917712)
(1.70203433344 -2.00763931618e-10 -9.39573242044e-05)
(1.70204539662 -1.64317024291e-10 -8.41606920703e-05)
(1.70205358609 -1.77225825634e-10 -7.54283869656e-05)
(1.70205928295 -1.51376421121e-10 -6.76425016453e-05)
(1.70206282597 -1.31321637348e-10 -6.06981424092e-05)
(1.70206451529 -2.07283088693e-10 -5.4499568144e-05)
(1.70206461674 -2.15650842168e-10 -4.89647733747e-05)
(1.70206336375 1.16584867291e-10 -4.40215149091e-05)
(1.70206096129 -2.36744574745e-10 -3.96055727635e-05)
(1.70205758872 -9.57331580367e-12 -3.56592432412e-05)
(1.70205340342 7.03169491217e-11 -3.21310019568e-05)
(1.70204854341 1.91974925148e-10 -2.89742157687e-05)
(1.70204312618 1.60129082826e-11 -2.61476068712e-05)
(1.70203726034 -9.71851919682e-11 -2.36226577488e-05)
(1.70203104014 4.11769785378e-10 -2.13565003996e-05)
(1.70202454697 2.43206244351e-10 -1.93266489851e-05)
(1.70201784027 2.98418795629e-11 -1.75120122561e-05)
(1.70201100266 1.69866368618e-10 -1.58791855247e-05)
(1.70200407441 1.28721029547e-10 -1.44213895024e-05)
(1.70199709051 -1.12941815635e-10 -1.30969780104e-05)
(1.70199010325 3.69915510905e-11 -1.18967647718e-05)
(1.70198314257 1.05006478755e-10 -1.08266645945e-05)
(1.70197622899 1.30127161416e-10 -9.86551381758e-06)
(1.70196938354 1.36028053468e-10 -9.00683293714e-06)
(1.70196262293 1.33596757763e-10 -8.22950876786e-06)
(1.70195596559 1.27491171535e-10 -7.52295857293e-06)
(1.70194942536 1.19818111494e-10 -6.88190447545e-06)
(1.70194301158 1.11624326845e-10 -6.30067713841e-06)
(1.70193673155 1.03467380042e-10 -5.77267583203e-06)
(1.70193059029 9.56668575618e-11 -5.2928494057e-06)
(1.70192459054 8.8979568539e-11 -4.85598723796e-06)
(1.70191873463 9.75864944017e-11 -4.45686773294e-06)
(1.7019130213 4.96880664681e-10 -4.09288735325e-06)
(1.70190744908 4.19016211999e-10 -3.76006901944e-06)
(1.70190201767 3.83353010555e-10 -3.45304542963e-06)
(1.70189671889 3.55618983345e-10 -3.18204965188e-06)
(1.70189154655 3.30292426427e-10 -2.9285822968e-06)
(1.70188649838 3.06321314559e-10 -2.68769437072e-06)
(1.70188159559 3.05888248143e-10 -2.45465452237e-06)
(1.7018768185 2.91963739125e-10 -2.25057582927e-06)
(1.70187215231 2.68215609302e-10 -2.0640276592e-06)
(1.70186760669 2.98549114763e-10 -1.88477541186e-06)
(1.70186316481 2.44172027096e-10 -1.72468943739e-06)
(1.70185880965 2.13323317356e-10 -1.58182182792e-06)
(1.70185453864 2.50522287186e-10 -1.45302827212e-06)
(1.70185034325 2.32244891333e-10 -1.31838826463e-06)
(1.70184622965 5.17414093836e-10 -1.19211767633e-06)
(1.70184219848 1.30475701598e-10 -1.07492262027e-06)
(1.70183822908 5.79538473023e-10 -9.76557993508e-07)
(1.70183431946 5.68638879451e-10 -8.78193800017e-07)
(1.70183046306 5.26551966441e-10 -7.89182961419e-07)
(1.70182665399 4.82659230355e-10 -7.01172721727e-07)
(1.7018228901 4.56297094165e-10 -6.2132812393e-07)
(1.70181916581 4.33775207887e-10 -5.46317814027e-07)
(1.70181547548 3.81475449166e-10 -4.78617030241e-07)
(1.70181181516 3.43740467078e-10 -4.16060691978e-07)
(1.7018081805 3.49650205607e-10 -3.57136492338e-07)
(1.70180457015 5.88313000474e-10 -3.0264135374e-07)
(1.70180097875 2.75261252211e-10 -2.52390391135e-07)
(1.70179740342 3.16031750623e-10 -2.05781947917e-07)
(1.70179384149 6.56688086088e-10 -1.6190851255e-07)
(1.7017902903 2.67158111394e-10 -1.21623402322e-07)
(1.70178674694 5.95729863968e-10 -8.40661549542e-08)
(1.70178320848 2.75841832924e-10 -4.89315717242e-08)
(1.70177967213 5.34631015273e-10 -1.58155380133e-08)
(1.70177613546 9.05623877847e-10 1.4230908932e-08)
(1.70177260032 5.6474377391e-10 4.05776808688e-08)
(1.70176906678 5.57654313929e-10 6.35546752555e-08)
(1.70176553494 8.15717637701e-10 8.34643074905e-08)
(1.70176200415 4.77819934527e-10 1.00590373523e-07)
(1.70175847371 5.28476076164e-10 1.15601396058e-07)
(1.70175494325 8.07258723118e-10 1.28480711488e-07)
(1.70175141304 4.22817935669e-10 1.39958275172e-07)
(1.70174788258 4.81724337884e-10 1.49522085102e-07)
(1.70174435113 4.75395897578e-10 1.57958080565e-07)
(1.70174081852 6.69559365122e-10 1.651108335e-07)
(1.70173728528 1.9891940371e-10 1.71567303256e-07)
(1.70173375127 3.334779836e-10 1.76725413131e-07)
(1.70173021583 3.74824707561e-10 1.81262255633e-07)
(1.70172667897 7.33492867971e-10 1.84975029274e-07)
(1.70172314142 3.09671908481e-10 1.88411729089e-07)
(1.70171960306 3.80600242021e-10 1.90945746689e-07)
(1.70171606336 7.19830841141e-10 1.93203575328e-07)
(1.70171252248 3.38316516977e-10 1.94942796051e-07)
(1.70170898105 3.57862567552e-10 1.96717372395e-07)
(1.70170543909 4.51065134282e-10 1.97797984238e-07)
(1.70170189601 4.66148219851e-10 1.98829688532e-07)
(1.70169835198 4.08170301703e-10 1.99571012502e-07)
(1.7016948077 3.86870719447e-10 2.00399698325e-07)
(1.70169126314 6.50204318145e-10 2.00746281667e-07)
(1.70168771775 1.20038293027e-10 2.01151552114e-07)
(1.70168417165 3.13195384972e-10 2.01294177391e-07)
(1.7016806255 6.12439043038e-10 2.01742381487e-07)
(1.70167707932 1.53602337293e-10 2.01729465351e-07)
(1.70167353256 2.38491742914e-10 2.01741535041e-07)
(1.70166998539 2.54516712773e-10 2.01339484806e-07)
(1.70166643868 2.45899897678e-10 2.00431839868e-07)
(1.70166289281 2.29029001441e-10 1.96572148885e-07)
(1.70165935259 2.10450144776e-10 1.84672540078e-07)
(1.70165580824 2.00408744797e-10 1.46171835126e-07)
(1.70165247386 4.27030312226e-10 3.27345725577e-08)
(1.70164806351 3.68254980719e-11 -4.11937517721e-07)
(1.49192571925 -4.61551925698e-11 -0.000878163530174)
(1.49166667206 -5.77111093741e-11 -0.000908025528045)
(1.49143075495 -3.99681158876e-11 -0.000853994982889)
(1.49122611239 -3.09875072223e-11 -0.000766406043538)
(1.49104810899 -5.30108119807e-11 -0.000685069685889)
(1.49088910084 1.13874000816e-10 -0.000612201559535)
(1.490745833 3.67757885214e-11 -0.000546133546494)
(1.49061647603 1.88302797362e-10 -0.000486807913983)
(1.49049927007 2.20516354443e-11 -0.000433915420544)
(1.49039270975 -2.74024660707e-11 -0.000386820891655)
(1.49029558013 -3.82863252292e-11 -0.000344900637524)
(1.4902068565 -5.59996765414e-11 -0.000307588986231)
(1.49012565396 -6.34543867163e-11 -0.000274380516891)
(1.4900512007 1.41811781467e-10 -0.000244818768817)
(1.48998281538 -1.42847231625e-12 -0.000218510377731)
(1.48991990472 3.59217309146e-11 -0.000195087488423)
(1.48986193494 2.1962946879e-10 -0.000174235810525)
(1.48980843596 1.04006001067e-10 -0.000155663259709)
(1.48975898159 1.40372787303e-10 -0.000139125861212)
(1.48971320228 1.16575852217e-10 -0.000124387218729)
(1.48967075802 -2.1322180783e-10 -0.000111262785971)
(1.48963135291 8.82763105673e-12 -9.95571201046e-05)
(1.48959471573 -4.96334866792e-11 -8.91360650431e-05)
(1.48956060199 -5.77400646667e-11 -7.98375855426e-05)
(1.48952880212 -7.85241930557e-11 -7.15417451579e-05)
(1.48949912034 -8.53041432868e-11 -6.41453827297e-05)
(1.4894713769 -6.3636047404e-11 -5.75488339644e-05)
(1.48944541115 -8.21669557381e-11 -5.16642197012e-05)
(1.48942107931 -3.7163860154e-10 -4.64112226618e-05)
(1.48939825245 -2.83986425095e-10 -4.17202453212e-05)
(1.48937681373 -1.49627019135e-10 -3.75299195825e-05)
(1.48935665686 1.09316075351e-10 -3.37858394869e-05)
(1.48933768495 -6.34132937003e-11 -3.04392007717e-05)
(1.48931981023 -1.50069767918e-10 -2.74461954806e-05)
(1.48930295317 7.92357049069e-11 -2.47669811378e-05)
(1.4892870359 1.87898655615e-10 -2.23645864071e-05)
(1.48927199461 2.16622748627e-10 -2.02243325995e-05)
(1.48925777356 7.52420791327e-11 -1.82928234353e-05)
(1.48924431394 1.08903853528e-10 -1.65751602623e-05)
(1.48923156086 2.23039873798e-10 -1.50312441892e-05)
(1.48921948792 1.67256939238e-10 -1.36344324601e-05)
(1.48920803749 2.20063652108e-10 -1.23924291968e-05)
(1.4891971611 4.13934323316e-10 -1.12656961597e-05)
(1.48918683508 2.9291589954e-10 -1.02481210999e-05)
(1.48917702516 2.37446532365e-10 -9.33686656778e-06)
(1.48916769468 2.03768225032e-10 -8.51606935342e-06)
(1.48915881202 1.79216158236e-10 -7.779896609e-06)
(1.48915034836 1.59559782133e-10 -7.11394498929e-06)
(1.48914228045 1.43011824487e-10 -6.50895660356e-06)
(1.48913458592 1.28696750568e-10 -5.95955948937e-06)
(1.4891272427 1.16155660711e-10 -5.46085924938e-06)
(1.48912023012 1.05113510814e-10 -5.00721833426e-06)
(1.48911352846 9.54031939185e-11 -4.59451916352e-06)
(1.48910711887 8.76072367241e-11 -4.21818485098e-06)
(1.48910098408 9.50624970897e-11 -3.87401015038e-06)
(1.4890951058 3.07259423825e-10 -3.55978665884e-06)
(1.48908946832 3.64808524018e-10 -3.27155286243e-06)
(1.48908405545 3.63121767377e-10 -3.00736583903e-06)
(1.48907885371 3.41821142109e-10 -2.77220010073e-06)
(1.48907384455 3.16035813384e-10 -2.55045477392e-06)
(1.48906901804 2.88928903359e-10 -2.33772898608e-06)
(1.48906438116 2.03466419355e-10 -2.13626780949e-06)
(1.48905991448 1.85033736722e-10 -1.96503667452e-06)
(1.48905559927 1.99092120099e-10 -1.79657219973e-06)
(1.48905143381 1.73369143424e-10 -1.64058513925e-06)
(1.48904739787 1.42324603799e-10 -1.50263937174e-06)
(1.48904347186 1.44885478554e-10 -1.37882063258e-06)
(1.48903965367 1.28702716517e-10 -1.26205483798e-06)
(1.48903593097 1.40225892189e-10 -1.14875331005e-06)
(1.48903230599 2.32005844888e-10 -1.03418282046e-06)
(1.48902877574 4.43217450933e-10 -9.34647093175e-07)
(1.4890253216 5.22590999202e-10 -8.45808205549e-07)
(1.48902193995 4.84861915655e-10 -7.60879421368e-07)
(1.4890186213 4.61751107147e-10 -6.816651799e-07)
(1.48901536029 4.42137790549e-10 -6.0667298728e-07)
(1.48901215352 3.82350527811e-10 -5.34331984199e-07)
(1.48900899409 3.30733305656e-10 -4.70620153222e-07)
(1.48900587721 3.3037114985e-10 -4.10083196213e-07)
(1.48900279773 3.06898875416e-10 -3.55431562624e-07)
(1.48899975108 2.81256016592e-10 -3.03531051861e-07)
(1.48899673533 3.50065917329e-10 -2.55730182932e-07)
(1.48899374489 5.93123483189e-10 -2.12048235341e-07)
(1.48899077695 4.22917418331e-10 -1.71316096949e-07)
(1.4889878286 4.32918348811e-10 -1.33182512738e-07)
(1.4889848969 5.98710315508e-10 -9.79037362997e-08)
(1.4889819793 5.36877477428e-10 -6.47651392573e-08)
(1.48897907258 7.0017465553e-10 -3.35508925644e-08)
(1.48897617341 8.67190156466e-10 -4.17431850276e-09)
(1.48897328261 7.71027101496e-10 2.21250252371e-08)
(1.48897039987 8.82699282633e-10 4.47769249308e-08)
(1.48896752385 6.98627442345e-10 6.45200111893e-08)
(1.4889646537 6.74897100766e-10 8.15175126411e-08)
(1.48896178803 8.60728643563e-10 9.61129193184e-08)
(1.4889589257 6.60660339096e-10 1.08879657984e-07)
(1.488956066 6.43813013162e-10 1.19835344666e-07)
(1.48895320871 8.09413346265e-10 1.29582903044e-07)
(1.48895035319 6.20908076278e-10 1.37705631353e-07)
(1.48894749851 5.25203454875e-10 1.4487076628e-07)
(1.48894464431 6.72225878338e-10 1.50869816421e-07)
(1.48894179086 8.72036532303e-10 1.56356141798e-07)
(1.4889389379 6.15779581196e-10 1.60683491542e-07)
(1.48893608468 4.96255467787e-10 1.64508742829e-07)
(1.48893323113 5.21048982185e-10 1.67585190216e-07)
(1.48893037774 7.06264412904e-10 1.70499235286e-07)
(1.48892752435 5.23705458826e-10 1.72569747004e-07)
(1.4889246704 5.25457665873e-10 1.74492926715e-07)
(1.48892181587 7.11164990174e-10 1.75915844736e-07)
(1.48891896135 5.14175040077e-10 1.77395448675e-07)
(1.4889161068 3.34379034207e-10 1.78278500788e-07)
(1.48891325155 2.3792330207e-10 1.79140886286e-07)
(1.48891039576 1.7558878399e-10 1.79655549952e-07)
(1.48890754007 9.5826278731e-11 1.80425751894e-07)
(1.48890468432 2.19592469697e-10 1.80668824091e-07)
(1.48890182799 4.97218672641e-10 1.80985910729e-07)
(1.48889897121 2.74282898046e-10 1.81105461609e-07)
(1.48889611456 3.40208672949e-10 1.8151734107e-07)
(1.48889325795 5.99014117062e-10 1.81462906728e-07)
(1.4888904009 4.14357649398e-10 1.81477555973e-07)
(1.48888754348 3.24515208215e-10 1.81094071526e-07)
(1.48888468623 2.72579321227e-10 1.80336063652e-07)
(1.48888182861 2.3697225586e-10 1.76897378381e-07)
(1.48887897304 2.0975602717e-10 1.66238229592e-07)
(1.48887609985 1.9352977633e-10 1.31135451218e-07)
(1.4888733998 3.06547419588e-10 2.20205803463e-08)
(1.48886957275 5.49925981328e-10 -4.40801193611e-07)
(1.23995834444 5.8673980441e-12 -0.000633282152572)
(1.23926061321 -1.57576291126e-11 -0.000642153874328)
(1.23866785892 -1.91906117199e-11 -0.00060713439132)
(1.23813720092 -1.86495507209e-11 -0.000548239739233)
(1.23766469304 -3.17572476859e-11 -0.000491501659692)
(1.23724358714 -1.96753256239e-10 -0.000439983862046)
(1.2368673322 -7.20098433628e-11 -0.000392963328949)
(1.23653088147 1.92274805452e-11 -0.000350545802438)
(1.23622979068 1.39763092262e-11 -0.000312630938229)
(1.23596009258 3.09965629731e-12 -0.000278820282205)
(1.23571831209 -5.29610929913e-12 -0.000248695099141)
(1.23550139062 -1.6517485408e-11 -0.000221862382403)
(1.23530662275 -2.6572614221e-11 -0.000197967256115)
(1.23513160821 2.42223107131e-11 -0.000176686834168)
(1.2349742139 9.46234626338e-12 -0.000157743487426)
(1.23483255731 1.75247140599e-11 -0.000140873698585)
(1.23470495142 7.82234899132e-11 -0.000125853495777)
(1.23458990464 7.52696235425e-11 -0.000112470689275)
(1.2344860797 8.27500468838e-11 -0.000100555199103)
(1.23439229751 7.71561444489e-11 -8.99321870416e-05)
(1.23430750195 -1.98126181603e-11 -8.04739194235e-05)
(1.23423075622 5.01458138725e-12 -7.20370457942e-05)
(1.23416122289 -5.51829951021e-12 -6.45228266168e-05)
(1.23409815442 -1.94641553861e-11 -5.78187951133e-05)
(1.23404089086 -3.27614195581e-11 -5.18367414258e-05)
(1.23398883941 -3.942364635e-11 -4.65020687182e-05)
(1.2339414679 -3.91779636904e-11 -4.17434946292e-05)
(1.23389830193 -4.88905160081e-11 -3.7497734728e-05)
(1.23385891896 -1.7633989383e-10 -3.3707137693e-05)
(1.2338229424 -2.04321568105e-10 -3.03214947225e-05)
(1.23379003575 -1.70968533112e-10 -2.72965312112e-05)
(1.23375989774 -7.70763898147e-11 -2.45931201311e-05)
(1.23373225859 -8.25005213325e-11 -2.21760037315e-05)
(1.23370687741 -1.02987074353e-10 -2.00133927822e-05)
(1.23368353951 -3.76497647851e-11 -1.80760755595e-05)
(1.2336620429 2.544783659e-11 -1.63341042115e-05)
(1.23364221765 6.49415985708e-11 -1.47914639648e-05)
(1.23362391755 5.05761793703e-11 -1.33838349845e-05)
(1.23360698985 6.44627846694e-11 -1.21483258952e-05)
(1.23359131836 1.2099286199e-10 -1.10271914436e-05)
(1.23357679779 4.35103724392e-10 -1.00088299128e-05)
(1.23356331581 3.53506682389e-10 -9.10893472672e-06)
(1.23355077489 3.50864325061e-10 -8.29294233316e-06)
(1.23353910267 3.03043488762e-10 -7.5542771351e-06)
(1.23352822526 2.54316297668e-10 -6.89030997049e-06)
(1.23351807111 2.13477591318e-10 -6.29169327213e-06)
(1.23350857663 1.8103143981e-10 -5.75392353393e-06)
(1.23349968558 1.5541576334e-10 -5.26707556393e-06)
(1.23349134963 1.34921764134e-10 -4.82444704957e-06)
(1.23348352467 1.18235958052e-10 -4.42192396017e-06)
(1.23347616988 1.04440228299e-10 -4.05595021138e-06)
(1.23346924803 9.28911963818e-11 -3.72259648731e-06)
(1.23346272489 8.31704742158e-11 -3.41881586629e-06)
(1.23345656898 7.59511864985e-11 -3.14125010456e-06)
(1.23345075138 9.00181064269e-11 -2.88720749624e-06)
(1.23344524451 4.92434211149e-10 -2.65491102741e-06)
(1.23344002415 4.14471547001e-10 -2.44123662162e-06)
(1.23343506697 3.58113458664e-10 -2.24696237873e-06)
(1.23343035513 3.1337303084e-10 -2.06842469591e-06)
(1.23342586428 2.78102061004e-10 -1.90412079292e-06)
(1.23342157753 2.48742690722e-10 -1.74712258384e-06)
(1.23341749807 2.0722767502e-10 -1.5961668092e-06)
(1.23341360567 1.79306776017e-10 -1.46623445119e-06)
(1.23340987908 1.66693728006e-10 -1.34051081324e-06)
(1.23340631026 1.47975310516e-10 -1.22424766763e-06)
(1.23340287833 1.24339346483e-10 -1.12240622177e-06)
(1.23339956365 1.17265744055e-10 -1.03055891516e-06)
(1.23339636281 1.09343406372e-10 -9.39374387933e-07)
(1.23339326457 1.03755363244e-10 -8.57990346313e-07)
(1.23339026711 1.2898050319e-10 -7.67245371335e-07)
(1.23338736687 2.18987344179e-10 -6.95675582016e-07)
(1.23338454773 6.30331079625e-10 -6.27600063352e-07)
(1.23338180349 5.18700658342e-10 -5.64200397112e-07)
(1.23337912524 4.44621125516e-10 -5.05043872819e-07)
(1.23337650744 3.92954860764e-10 -4.47830352866e-07)
(1.23337394622 3.44628021075e-10 -3.93692123403e-07)
(1.23337143558 3.06267446264e-10 -3.46226664441e-07)
(1.23336897049 2.81331121401e-10 -2.99989156732e-07)
(1.23336654549 2.56104954547e-10 -2.59557528953e-07)
(1.23336415656 2.33749849331e-10 -2.19912170592e-07)
(1.23336180119 2.44200493893e-10 -1.84245606279e-07)
(1.23335947437 3.09594732068e-10 -1.51542693346e-07)
(1.23335717335 2.94826899709e-10 -1.20903120975e-07)
(1.23335489517 2.96388447326e-10 -9.27376667199e-08)
(1.23335263744 3.49944273147e-10 -6.61132479339e-08)
(1.23335039776 3.64781030906e-10 -4.10266694532e-08)
(1.23334817322 4.23472291865e-10 -1.71792122819e-08)
(1.23334596162 4.94996173123e-10 5.02719276363e-09)
(1.23334376499 5.02711190862e-10 2.44775686539e-08)
(1.23334157999 5.44175760009e-10 4.11275540094e-08)
(1.23333940462 5.15188319632e-10 5.55773579895e-08)
(1.23333723748 4.98394839857e-10 6.80490410561e-08)
(1.23333507691 5.37328476586e-10 7.86547764001e-08)
(1.23333292146 4.99910191942e-10 8.7989659208e-08)
(1.2333307702 4.79083738507e-10 9.60050505813e-08)
(1.23332862283 5.12313030491e-10 1.03090943275e-07)
(1.2333264785 4.73324450846e-10 1.09027620807e-07)
(1.23332433619 4.2827068258e-10 1.14185707678e-07)
(1.23332219543 4.47632427535e-10 1.1856862928e-07)
(1.23332005645 5.15145736568e-10 1.22573260875e-07)
(1.23331791881 4.74252755974e-10 1.25687302767e-07)
(1.23331578174 4.20740881148e-10 1.2840893995e-07)
(1.23331364507 4.00984083889e-10 1.3062250018e-07)
(1.23331150921 4.35352312402e-10 1.32752706509e-07)
(1.23330937396 4.05130921546e-10 1.34209599774e-07)
(1.23330723867 3.92711311764e-10 1.35546482517e-07)
(1.23330510326 4.31966318306e-10 1.36572146323e-07)
(1.23330296828 3.95862703952e-10 1.37660733667e-07)
(1.2333008336 3.25542495879e-10 1.3824964131e-07)
(1.2332986986 2.50021833515e-10 1.38810403907e-07)
(1.23329656332 -1.25822471638e-10 1.39151475257e-07)
(1.23329442833 -5.66320243209e-11 1.39757015944e-07)
(1.23329229352 2.75122806583e-11 1.39902436576e-07)
(1.23329015836 1.56390295813e-10 1.40111367696e-07)
(1.23328802286 1.64012040328e-10 1.40185665598e-07)
(1.23328588763 1.94944988945e-10 1.40515417047e-07)
(1.23328375257 2.86990273259e-10 1.40442838573e-07)
(1.23328161713 2.80428601024e-10 1.40460974207e-07)
(1.23327948132 2.53033307383e-10 1.40188663931e-07)
(1.23327734549 2.24341472931e-10 1.39636845887e-07)
(1.23327520845 1.98528017596e-10 1.37069649329e-07)
(1.23327307096 1.76366630781e-10 1.2905795117e-07)
(1.23327090409 1.60750112539e-10 1.01689457892e-07)
(1.23326888119 1.87950090632e-10 1.59343356202e-08)
(1.23326566046 2.72405205472e-10 -4.26935588823e-07)
(0.942493127433 1.74187061241e-11 -0.00036450320259)
(0.941677956451 2.99939596195e-12 -0.000358272982626)
(0.941001546515 -4.40422794394e-12 -0.000344366585611)
(0.940383835658 -8.0518265185e-12 -0.00031474792686)
(0.939826601701 -1.23260968823e-11 -0.000283346596714)
(0.939328185378 -7.16993524085e-12 -0.000254123963763)
(0.938882472436 -8.76165742142e-12 -0.000227228407013)
(0.938484026997 8.4071289861e-12 -0.000202840087772)
(0.938127942379 1.2008662172e-11 -0.000180990885989)
(0.93780966207 9.74975984687e-12 -0.000161483698933)
(0.937525079685 4.39298720589e-12 -0.000144089358345)
(0.937270532338 -3.46543072493e-12 -0.000128586680618)
(0.937042755635 -1.11599125299e-11 -0.000114773735911)
(0.936838836579 1.91732701664e-12 -0.000102467556755)
(0.936656182173 3.23658580168e-12 -9.15107217418e-05)
(0.936492497601 8.59360167374e-12 -8.17514856028e-05)
(0.93634572378 3.22084544063e-11 -7.30612489039e-05)
(0.93621403724 4.12752306043e-11 -6.53154761668e-05)
(0.93609580911 4.73432231625e-11 -5.84210945044e-05)
(0.935989596395 4.72806666812e-11 -5.22721669482e-05)
(0.935894111656 1.53737910852e-11 -4.67969145375e-05)
(0.935808210057 1.14590396335e-11 -4.19125362759e-05)
(0.935730871254 5.35783295052e-12 -3.75612254706e-05)
(0.935661185561 -3.53385126078e-12 -3.36790512073e-05)
(0.935598347261 -1.21414701855e-11 -3.02142703291e-05)
(0.935541636016 -1.7516468661e-11 -2.71239128835e-05)
(0.935490406922 -2.01301190666e-11 -2.4366939571e-05)
(0.935444085391 -3.38808922808e-11 -2.19066754683e-05)
(0.935402160007 -1.78197580662e-10 -1.97097558086e-05)
(0.935364175604 -1.82678946694e-10 -1.77471061213e-05)
(0.935329726224 -1.53007131511e-10 -1.59930974261e-05)
(0.935298449218 -1.02846751174e-10 -1.44250840705e-05)
(0.935270020731 -8.17296006666e-11 -1.30227553536e-05)
(0.935244152431 -7.77908286338e-11 -1.17673648972e-05)
(0.935220589081 -5.11003546823e-11 -1.06414914056e-05)
(0.935199085937 -1.7296709276e-11 -9.62296527226e-06)
(0.935179446524 1.19850905866e-11 -8.72037826182e-06)
(0.935161495238 2.32950020307e-11 -7.91329952248e-06)
(0.935145050405 3.57496206324e-11 -7.19099689624e-06)
(0.935129978475 7.56569886451e-11 -6.53614640251e-06)
(0.935116148102 4.27535915564e-10 -5.94052660652e-06)
(0.935103434439 3.40178254429e-10 -5.41626661328e-06)
(0.935091726006 2.88903232431e-10 -4.93927400866e-06)
(0.935080935105 2.44735265637e-10 -4.50612074958e-06)
(0.93507097756 2.05069465945e-10 -4.11609961978e-06)
(0.935061773125 1.71372110244e-10 -3.76419703296e-06)
(0.93505324979 1.43960075176e-10 -3.44758993776e-06)
(0.935045344426 1.22040047422e-10 -3.16036213839e-06)
(0.935038002388 1.04520896448e-10 -2.89879215394e-06)
(0.935031174366 9.04228762325e-11 -2.66046253488e-06)
(0.935024815297 7.89685446586e-11 -2.44332539258e-06)
(0.935018884354 6.95628132155e-11 -2.24506399865e-06)
(0.935013344429 6.18134668456e-11 -2.06404932512e-06)
(0.935008161604 5.65107400995e-11 -1.89827429841e-06)
(0.935003304691 7.29669771849e-11 -1.74647324979e-06)
(0.934998745141 4.42537773608e-10 -1.60735263391e-06)
(0.934994457516 3.54510217002e-10 -1.47931867748e-06)
(0.934990420031 2.88038425308e-10 -1.36223856216e-06)
(0.934986611956 2.42326676188e-10 -1.25180583346e-06)
(0.934983007639 2.09716285435e-10 -1.1533169482e-06)
(0.934979593903 1.84705735286e-10 -1.06145365166e-06)
(0.934976371128 1.59848135662e-10 -9.6605948033e-07)
(0.93497331933 1.38537218203e-10 -8.87536522169e-07)
(0.934970419749 1.23603466526e-10 -8.1159759175e-07)
(0.934967661899 1.0945806788e-10 -7.41493756166e-07)
(0.934965026941 9.45981124415e-11 -6.80316809953e-07)
(0.934962497652 8.58710581358e-11 -6.25042765876e-07)
(0.934960069548 7.88807123941e-11 -5.68218851181e-07)
(0.934957735151 7.24047613725e-11 -5.18775123806e-07)
(0.93495549065 7.91336626005e-11 -4.62347998961e-07)
(0.934953333542 1.27528278443e-10 -4.18839897572e-07)
(0.934951250904 5.26162366441e-10 -3.77749255922e-07)
(0.934949234943 4.19573192648e-10 -3.39365032736e-07)
(0.934947278372 3.47350152443e-10 -3.03733047377e-07)
(0.934945376572 2.9768914397e-10 -2.68487790771e-07)
(0.934943525931 2.59650097224e-10 -2.3522878189e-07)
(0.93494172204 2.29671279343e-10 -2.06344597796e-07)
(0.934939960246 2.06938624507e-10 -1.78132759025e-07)
(0.934938235567 1.86685534933e-10 -1.53900703779e-07)
(0.934936544713 1.69649859774e-10 -1.2944547287e-07)
(0.934934885209 1.65594978999e-10 -1.07913300823e-07)
(0.934933253088 1.83035005158e-10 -8.79883785864e-08)
(0.934931645813 1.86366479463e-10 -6.9446101782e-08)
(0.934930060938 1.90498096037e-10 -5.25580065661e-08)
(0.934928496679 2.12449279176e-10 -3.63339852624e-08)
(0.934926951154 2.28391526009e-10 -2.09722824853e-08)
(0.93492542239 2.54071899719e-10 -6.24081519551e-09)
(0.934923910487 2.67107344513e-10 7.2444463453e-09)
(0.934922414289 2.90950972811e-10 1.86825586914e-08)
(0.934920930198 3.21847910527e-10 2.85346199294e-08)
(0.934919456226 3.28555575714e-10 3.70807330231e-08)
(0.934917990849 3.27941329735e-10 4.45258714473e-08)
(0.9349165325 3.3917601806e-10 5.08266701106e-08)
(0.934915079702 3.30839515395e-10 5.63146630574e-08)
(0.934913631565 3.2073725844e-10 6.10451181674e-08)
(0.934912187778 3.26404158956e-10 6.53372272888e-08)
(0.934910747475 3.15694957737e-10 6.87532389365e-08)
(0.93490930966 2.96733977253e-10 7.18026343456e-08)
(0.934907873886 2.95684272655e-10 7.43567057185e-08)
(0.934906440304 3.17070356771e-10 7.67871418411e-08)
(0.934905008466 3.12581860254e-10 7.85748247741e-08)
(0.934903577623 2.93128271774e-10 8.01569851278e-08)
(0.93490214757 2.78233926381e-10 8.14164021467e-08)
(0.934900718653 2.82012118232e-10 8.27749586609e-08)
(0.934899290614 2.73978402117e-10 8.35697247181e-08)
(0.934897862849 2.66395816726e-10 8.43416487547e-08)
(0.934896435258 2.74338321975e-10 8.48713374469e-08)
(0.934895008312 2.65355024942e-10 8.56182713268e-08)
(0.934893581844 2.37227459395e-10 8.58928636716e-08)
(0.934892155256 1.87188138134e-10 8.62003831518e-08)
(0.934890728555 -1.94956192112e-10 8.63573328483e-08)
(0.934889302307 -1.01031946928e-10 8.67999906885e-08)
(0.934887876347 -3.5123108854e-11 8.68328328796e-08)
(0.934886450124 3.76504379565e-11 8.69398680704e-08)
(0.934885023687 7.43659801327e-11 8.6948523597e-08)
(0.934883597611 1.02857328934e-10 8.72319778233e-08)
(0.934882171747 1.46771881419e-10 8.71563562134e-08)
(0.934880745576 1.64277328417e-10 8.71248580764e-08)
(0.934879319075 1.63041348896e-10 8.69462378514e-08)
(0.934877892518 1.52708036057e-10 8.67248065803e-08)
(0.934876464394 1.39168597003e-10 8.52048076505e-08)
(0.934875035115 1.25516399413e-10 8.0590208903e-08)
(0.934873569955 1.14644250871e-10 6.31885702428e-08)
(0.934872235043 1.20863827752e-10 1.54721415434e-08)
(0.934869639122 1.50098803607e-10 -3.59385311503e-07)
(0.599745616663 1.28374273164e-11 -0.000142411559816)
(0.59911324922 5.14939346054e-12 -0.000132014590983)
(0.598596571794 -9.42674121317e-15 -0.000133508234509)
(0.598104290205 -3.08167846093e-12 -0.000124680425845)
(0.597652782937 -8.6446415966e-13 -0.000112531889669)
(0.597247721343 1.64473344034e-10 -0.00010097248617)
(0.596885122128 4.26538639055e-11 -9.03350059115e-05)
(0.596560877723 1.69900886889e-11 -8.06654955643e-05)
(0.596271220531 1.10927154419e-11 -7.20004187989e-05)
(0.596012511066 8.09312194228e-12 -6.42640420576e-05)
(0.595781415649 4.40990350175e-12 -5.7363864038e-05)
(0.595574946878 -3.22275525777e-13 -5.12116262819e-05)
(0.595390433803 -4.5718190554e-12 -4.57269960989e-05)
(0.59522548501 -9.46227712236e-13 -4.083855349e-05)
(0.595077971531 9.83733431874e-13 -3.64867255832e-05)
(0.594946008062 4.2488461909e-12 -3.26099432485e-05)
(0.594827898511 1.40904480647e-11 -2.91584169092e-05)
(0.594722139823 2.02065307697e-11 -2.60802033781e-05)
(0.594627392939 2.42197827159e-11 -2.33416867243e-05)
(0.594542467804 2.50971201729e-11 -2.08978693146e-05)
(0.594466305168 1.3654462975e-11 -1.87220774173e-05)
(0.594397961544 9.05697434971e-12 -1.67807175736e-05)
(0.594336597224 5.14271320821e-12 -1.50513004009e-05)
(0.594281463415 3.62986221164e-13 -1.35081743593e-05)
(0.594231896904 -4.24864417863e-12 -1.21305419355e-05)
(0.594187305453 -7.43975599807e-12 -1.0901733746e-05)
(0.594147158999 -9.98259830032e-12 -9.8054226914e-06)
(0.59411098527 -2.76615329285e-11 -8.82701302114e-06)
(0.594078364308 -3.17097186778e-10 -7.95315649385e-06)
(0.594048922613 -1.73283763235e-10 -7.17231453529e-06)
(0.594022327214 -1.11572126853e-10 -6.47422573253e-06)
(0.593998280893 -7.37610094547e-11 -5.85002452352e-06)
(0.59397651843 -5.47626356525e-11 -5.29156441123e-06)
(0.593956803975 -4.72402011224e-11 -4.79121318331e-06)
(0.593938930647 -3.42728374383e-11 -4.34200262725e-06)
(0.593922695042 -1.72289887686e-11 -3.9273359588e-06)
(0.593907933252 -6.79998951833e-13 -3.55996179175e-06)
(0.593894516738 9.24033093179e-12 -3.25364425471e-06)
(0.593882290563 1.79425667066e-11 -2.95944853443e-06)
(0.593871139684 4.47303074515e-11 -2.6958818648e-06)
(0.593860962551 2.51512625436e-10 -2.45548442379e-06)
(0.593851659209 2.15331588404e-10 -2.24473498453e-06)
(0.593843138049 1.78477131327e-10 -2.05205998182e-06)
(0.593835328199 1.48836859903e-10 -1.87630110522e-06)
(0.593828162705 1.23995991664e-10 -1.71779191921e-06)
(0.593821577533 1.03363780331e-10 -1.57454085011e-06)
(0.593815514687 8.65814705992e-11 -1.44535396602e-06)
(0.593809923773 7.30975623356e-11 -1.32774492517e-06)
(0.593804761407 6.22996770433e-11 -1.22026871323e-06)
(0.593799988562 5.36306635447e-11 -1.12199805271e-06)
(0.593795569597 4.66250974345e-11 -1.03219130116e-06)
(0.593791472409 4.09118306867e-11 -9.49871664906e-07)
(0.593787667922 3.62549911363e-11 -8.74467892091e-07)
(0.593784129463 3.33034491773e-11 -8.05220719781e-07)
(0.593780832709 4.38350033178e-11 -7.41841845638e-07)
(0.593777755593 1.90637699075e-10 -6.83639662834e-07)
(0.593774879359 1.92775973916e-10 -6.29644715294e-07)
(0.593772187674 1.67221935923e-10 -5.7878290508e-07)
(0.593769662706 1.42691428434e-10 -5.31062512602e-07)
(0.593767284737 1.23378624706e-10 -4.90770159646e-07)
(0.593765046763 1.08219835576e-10 -4.51772554009e-07)
(0.593762949795 9.44401506653e-11 -4.09342940867e-07)
(0.593760976667 8.2078349322e-11 -3.76528735445e-07)
(0.593759114017 7.242859372e-11 -3.44340804897e-07)
(0.593757353253 6.37985206904e-11 -3.14653805343e-07)
(0.593755680428 5.56249422955e-11 -2.88845838531e-07)
(0.59375408288 4.99712299294e-11 -2.65509143363e-07)
(0.593752557615 4.54807043725e-11 -2.40893374681e-07)
(0.593751099533 4.15039268595e-11 -2.18353829891e-07)
(0.593749706674 4.35330975071e-11 -1.94604086274e-07)
(0.593748378547 6.76927108937e-11 -1.76049251392e-07)
(0.593747105036 2.23818596778e-10 -1.58726888268e-07)
(0.593745879337 2.26715087839e-10 -1.42589365893e-07)
(0.593744696554 2.00210757169e-10 -1.27291660978e-07)
(0.593743553722 1.74047043512e-10 -1.12180167649e-07)
(0.593742448244 1.52289713239e-10 -9.77850135295e-08)
(0.593741377891 1.34710330865e-10 -8.54662558351e-08)
(0.593740338828 1.20729973371e-10 -7.34474158306e-08)
(0.59373932744 1.08508775927e-10 -6.32752247811e-08)
(0.593738341563 9.82733784998e-11 -5.28657280447e-08)
(0.593737379346 9.37752516398e-11 -4.37715920643e-08)
(0.593736438107 9.85305273314e-11 -3.52403208072e-08)
(0.593735515843 1.01507044809e-10 -2.75162570189e-08)
(0.593734611019 1.04639539372e-10 -2.03970732019e-08)
(0.593733722504 1.14414923839e-10 -1.35461836027e-08)
(0.593732849166 1.23459174684e-10 -7.01924385009e-09)
(0.593731990391 1.32099240821e-10 -7.64491127307e-10)
(0.593731146679 8.22774322486e-11 4.82898181748e-09)
(0.593730314768 1.32432637476e-10 9.51179531934e-09)
(0.593729492489 1.64018878969e-10 1.35882889698e-08)
(0.593728678384 1.76651232032e-10 1.71359709843e-08)
(0.593727871295 1.80461603354e-10 2.02783649337e-08)
(0.593727069974 1.85122413953e-10 2.28696124135e-08)
(0.593726273248 1.83059586703e-10 2.51395641485e-08)
(0.593725480459 1.78836495037e-10 2.70553786088e-08)
(0.593724691427 1.79531880054e-10 2.89423648186e-08)
(0.593723905405 1.75727012213e-10 3.0324147595e-08)
(0.593723121556 1.67789587205e-10 3.15583937969e-08)
(0.593722339542 1.65322355526e-10 3.2600645729e-08)
(0.593721559554 1.72411128143e-10 3.36833187066e-08)
(0.593720781172 1.7281179915e-10 3.43651649835e-08)
(0.593720003738 1.65705523197e-10 3.50073100449e-08)
(0.593719227083 1.58048922822e-10 3.54882754716e-08)
(0.593718451562 1.56984140868e-10 3.61429189497e-08)
(0.59371767689 1.53613346784e-10 3.64315126905e-08)
(0.593716902546 1.49787194945e-10 3.67099979558e-08)
(0.593716128438 1.5124422627e-10 3.69004763184e-08)
(0.593715355005 1.48142757554e-10 3.73155986572e-08)
(0.593714582049 1.36271742826e-10 3.73792720946e-08)
(0.593713809054 1.0922824165e-10 3.74979804733e-08)
(0.593713036013 -3.89548394539e-11 3.76053340846e-08)
(0.593712263456 -4.94722009245e-11 3.78244915091e-08)
(0.59371149119 -2.71108816465e-11 3.77726407547e-08)
(0.593710718721 6.99357893248e-12 3.77679321147e-08)
(0.59370994612 3.12333897527e-11 3.77589458542e-08)
(0.593709173891 4.96413039245e-11 3.79705918094e-08)
(0.593708401874 7.16099338136e-11 3.78948307527e-08)
(0.593707629611 8.45905843661e-11 3.78712667675e-08)
(0.5937068571 8.77598465016e-11 3.77843148082e-08)
(0.593706084643 8.46205085587e-11 3.78073213722e-08)
(0.593705310913 7.85001445798e-11 3.71755734154e-08)
(0.593704537025 7.15624044925e-11 3.55980209231e-08)
(0.593703729588 6.56761407515e-11 2.72387378327e-08)
(0.593703050725 6.67973630597e-11 1.79462293851e-08)
(0.593701170116 7.74826094511e-11 -2.33374544897e-07)
(0.212244177928 3.95309671719e-12 -1.20744067485e-05)
(0.212007057658 1.72999535431e-12 -8.41326861283e-06)
(0.211811721503 1.31013136613e-13 -1.25730543793e-05)
(0.211606298242 -9.06092205414e-13 -1.16346573813e-05)
(0.211415355891 -2.98286373261e-12 -1.02080577447e-05)
(0.211244721983 -1.27924490248e-10 -9.14238708161e-06)
(0.211092059395 1.82578103683e-12 -8.18119432997e-06)
(0.210955553805 4.99390632599e-12 -7.29916290362e-06)
(0.210833672741 3.65113250011e-12 -6.51585021346e-06)
(0.210724873138 2.61573443328e-12 -5.81886151809e-06)
(0.210627741055 1.41446707434e-12 -5.197418003e-06)
(0.210541015583 -3.52159419302e-14 -4.64315614729e-06)
(0.210463568773 -1.24294135047e-12 -4.14829896996e-06)
(0.210394389324 -3.63473301169e-13 -3.7064779267e-06)
(0.210332578236 2.89566201682e-13 -3.31467579578e-06)
(0.210277339256 1.30289268699e-12 -2.96553968144e-06)
(0.210227952571 3.98115311725e-12 -2.6552575529e-06)
(0.210183780428 5.80931920971e-12 -2.37770224201e-06)
(0.210144257138 7.03745351345e-12 -2.13190501648e-06)
(0.210108877493 7.32805154087e-12 -1.91191836302e-06)
(0.210077193722 4.34046074294e-12 -1.7166773799e-06)
(0.210048805602 2.87380580101e-12 -1.54223223597e-06)
(0.210023357653 1.65669831064e-12 -1.38726600193e-06)
(0.210000532265 2.61739910657e-13 -1.24894847501e-06)
(0.209980049179 -1.06649693019e-12 -1.12541027569e-06)
(0.209961657858 -2.01492287357e-12 -1.01535830029e-06)
(0.209945133654 -2.9548380427e-12 -9.17276834331e-07)
(0.209930276474 -9.76626201737e-12 -8.29828491715e-07)
(0.20991690864 -9.08353131541e-11 -7.51772559008e-07)
(0.209904872236 -5.4549539668e-11 -6.82001154427e-07)
(0.209894026509 -3.46738051361e-11 -6.19608872241e-07)
(0.20988424585 -2.29052309175e-11 -5.63839425779e-07)
(0.209875418102 -1.68735033247e-11 -5.13919661823e-07)
(0.209867443397 -1.42664715162e-11 -4.69147852048e-07)
(0.209860236726 -1.04697524006e-11 -4.28536230609e-07)
(0.209853704688 -5.51465361297e-12 -3.85755546153e-07)
(0.209847787228 -6.16126978103e-13 -3.5224505603e-07)
(0.209842431638 2.53426610035e-12 -3.29446998999e-07)
(0.209837563877 5.42230232546e-12 -3.017228509e-07)
(0.209833138449 1.79659266464e-11 -2.7693251972e-07)
(0.209829115788 2.41066027365e-10 -2.53823050851e-07)
(0.209825453232 7.87397673146e-11 -2.34360271279e-07)
(0.20982210998 5.51263815316e-11 -2.15887944812e-07)
(0.209819057743 4.49190123084e-11 -1.9871282678e-07)
(0.209816268729 3.72713051733e-11 -1.83235124091e-07)
(0.209813716097 3.10455203737e-11 -1.6903597016e-07)
(0.209811375649 2.59954744911e-11 -1.56092449362e-07)
(0.209809226333 2.19342620223e-11 -1.44074031119e-07)
(0.209807250297 1.86800566823e-11 -1.32937935915e-07)
(0.2098054314 1.60687581902e-11 -1.22560628453e-07)
(0.20980375495 1.39610362914e-11 -1.12918930279e-07)
(0.209802207726 1.224466081e-11 -1.038860985e-07)
(0.209800777823 1.08531826949e-11 -9.55015924611e-08)
(0.20979945416 1.00423749117e-11 -8.76354009742e-08)
(0.209798226907 1.36544765816e-11 -8.04525215073e-08)
(0.209797086856 5.26651384192e-11 -7.378747774e-08)
(0.209796026474 5.60648684878e-11 -6.7144996412e-08)
(0.209795039366 4.95598395576e-11 -6.03908336854e-08)
(0.209794118507 4.25652027553e-11 -5.41898119595e-08)
(0.20979325434 3.68735098576e-11 -5.01263233673e-08)
(0.209792445648 3.23430672031e-11 -4.4703489345e-08)
(0.209791695644 2.82739246281e-11 -3.87347242362e-08)
(0.209790995126 2.45912629602e-11 -3.50970342392e-08)
(0.209790337154 2.16404688e-11 -3.10810950043e-08)
(0.209789719356 1.90077158575e-11 -2.71662269995e-08)
(0.209789135932 1.6610894427e-11 -2.37176548365e-08)
(0.209788581743 1.49195690973e-11 -2.06394759248e-08)
(0.209788056306 1.35543358519e-11 -1.69576942769e-08)
(0.209787556325 1.23679371759e-11 -1.35276230673e-08)
(0.209787082446 1.29495993084e-11 -1.02807216839e-08)
(0.209786636059 2.0312179155e-11 -7.99549851985e-09)
(0.209786211349 6.19082677618e-11 -5.62461154002e-09)
(0.20978580565 6.59087150323e-11 -3.44389244151e-09)
(0.209785417171 5.93175759204e-11 -9.95940765993e-10)
(0.209785044709 5.1892061513e-11 1.10022741151e-09)
(0.209784687498 4.55105487609e-11 3.27560856444e-09)
(0.209784344907 4.03028488145e-11 5.02898572653e-09)
(0.209784015318 3.60799862243e-11 6.78143617028e-09)
(0.209783697048 3.23885389206e-11 8.22019896766e-09)
(0.209783389524 2.93091672833e-11 9.78180254791e-09)
(0.209783092119 2.7873227375e-11 1.10992947295e-08)
(0.209782803547 2.89948300045e-11 1.23874369742e-08)
(0.209782522988 2.99432651332e-11 1.34502258502e-08)
(0.209782249848 3.09685281807e-11 1.45171274313e-08)
(0.209781983732 3.37326190789e-11 1.55028939455e-08)
(0.209781724199 3.63025547328e-11 1.64304147592e-08)
(0.209781471283 3.48946478809e-11 1.73099170505e-08)
(0.209781224858 -1.21610727849e-10 1.81552445918e-08)
(0.20978098344 2.49818003375e-11 1.87829479396e-08)
(0.209780746323 4.65552593625e-11 1.93535589575e-08)
(0.209780512961 5.18238461252e-11 1.98871398377e-08)
(0.209780282881 5.33028954854e-11 2.03817660156e-08)
(0.209780055508 5.45628879306e-11 2.07508810364e-08)
(0.20977983025 5.408216698e-11 2.10992838674e-08)
(0.209779606832 5.29525484126e-11 2.1393981691e-08)
(0.209779385329 5.3029338685e-11 2.1722411099e-08)
(0.209779165323 5.2022627576e-11 2.19151908884e-08)
(0.209778946304 4.98708437817e-11 2.20991211474e-08)
(0.209778728182 4.90722892139e-11 2.22548470108e-08)
(0.209778511159 5.0874087532e-11 2.24648308871e-08)
(0.209778294981 5.11269672859e-11 2.25397899559e-08)
(0.209778079221 4.92454477121e-11 2.26280535246e-08)
(0.209777863849 4.70373213227e-11 2.2682864845e-08)
(0.209777649159 4.6534091201e-11 2.28290142848e-08)
(0.209777434941 4.55767676817e-11 2.28477855953e-08)
(0.209777220854 4.44872790439e-11 2.28998605195e-08)
(0.209777006879 4.47457199739e-11 2.29231189931e-08)
(0.209776793356 4.3908167774e-11 2.30135964811e-08)
(0.209776580118 4.05785103995e-11 2.30042001246e-08)
(0.209776366795 3.22460440563e-11 2.30086847703e-08)
(0.209776153464 -7.66905192546e-12 2.30359194834e-08)
(0.20977594048 -1.37797862509e-11 2.31034632922e-08)
(0.209775727663 -8.20302081565e-12 2.30705367519e-08)
(0.209775514719 1.35326541628e-12 2.30737384824e-08)
(0.209775301695 8.65847140819e-12 2.30584692857e-08)
(0.209775088948 1.42727545977e-11 2.31420416548e-08)
(0.209774876359 2.06002775981e-11 2.31053890438e-08)
(0.209774663609 2.45525752421e-11 2.30932229104e-08)
(0.209774450753 2.56816533916e-11 2.30765226191e-08)
(0.209774238071 2.49091854039e-11 2.31490750376e-08)
(0.209774024898 2.32036682829e-11 2.29855784248e-08)
(0.209773812697 2.12208360051e-11 2.33211825725e-08)
(0.209773582307 1.95355527146e-11 1.91395886017e-08)
(0.209773443034 1.97618669398e-11 4.14633141275e-08)
(0.20977259255 2.25570809143e-11 -4.70241470115e-08)
)
;

boundaryField
{
    inlet
    {
        type            fixedValue;
        value           uniform (1.073 0 0);
    }
    wall01
    {
        type            fixedValue;
        value           uniform (0 0 0);
    }
    axis
    {
        type            empty;
    }
    outlet
    {
        type            inletOutlet;
        inletValue      uniform (1.073 0 0);
        value           nonuniform List<vector> 10((2.11986466953 3.03809068307e-11 -8.46385509646e-08) (2.08191230951 8.58505591082e-11 -1.93134187137e-07) (1.99841463476 1.36873144125e-10 -2.7681616319e-07) (1.87153974738 1.60410300738e-10 -3.53101794918e-07) (1.70164806351 3.68254980719e-11 -4.11937517721e-07) (1.48886957275 5.49925981328e-10 -4.40801193611e-07) (1.23326566046 2.72405205472e-10 -4.26935588823e-07) (0.934869639122 1.50098803607e-10 -3.59385311503e-07) (0.593701170116 7.74826094511e-11 -2.33374544897e-07) (0.20977259255 2.25570809143e-11 -4.70241470115e-08));
    }
    front
    {
        type            wedge;
    }
    back
    {
        type            wedge;
    }
}


// ************************************************************************* //
